#=====================================================
# File created:        Thu-10-Oct-2024-at-11-50-00PM
# Size of lattice:     1000x1000
# Number of MC steps:  50
# Reduced temperature: 0.500
# Run time (s):        74.592638
#=====================================================
# MC step:  Ratio:     Energy:   Order:
#=====================================================
   00000    0.5000 -998097.6970  0.2510 
   00001    0.6796 -1486234.4789  0.2514 
   00002    0.6229 -1802562.4833  0.2516 
   00003    0.5847 -2028309.3731  0.2518 
   00004    0.5571 -2201638.9247  0.2518 
   00005    0.5376 -2338938.1037  0.2519 
   00006    0.5210 -2451394.0493  0.2523 
   00007    0.5080 -2545507.9204  0.2529 
   00008    0.4981 -2622949.5988  0.2528 
   00009    0.4902 -2689393.2137  0.2531 
   00010    0.4824 -2747881.8987  0.2536 
   00011    0.4761 -2796648.6245  0.2536 
   00012    0.4713 -2838419.9949  0.2534 
   00013    0.4660 -2876318.2561  0.2532 
   00014    0.4634 -2909657.9068  0.2535 
   00015    0.4596 -2938104.3983  0.2534 
   00016    0.4553 -2964666.7129  0.2535 
   00017    0.4547 -2987610.0904  0.2533 
   00018    0.4522 -3009341.1681  0.2530 
   00019    0.4484 -3027093.3172  0.2532 
   00020    0.4473 -3043971.9606  0.2529 
   00021    0.4454 -3059380.1928  0.2529 
   00022    0.4444 -3072945.4739  0.2529 
   00023    0.4426 -3087182.5596  0.2533 
   00024    0.4424 -3099362.9398  0.2536 
   00025    0.4398 -3110059.1383  0.2536 
   00026    0.4391 -3120492.4994  0.2537 
   00027    0.4379 -3129872.4859  0.2538 
   00028    0.4372 -3138629.4647  0.2540 
   00029    0.4359 -3146683.7502  0.2540 
   00030    0.4352 -3154793.8194  0.2540 
   00031    0.4353 -3162353.1304  0.2539 
   00032    0.4333 -3168765.7887  0.2542 
   00033    0.4327 -3175225.3592  0.2542 
   00034    0.4328 -3181881.5164  0.2542 
   00035    0.4322 -3187745.8540  0.2546 
   00036    0.4311 -3192637.8317  0.2549 
   00037    0.4305 -3198238.5137  0.2548 
   00038    0.4300 -3203424.9944  0.2548 
   00039    0.4297 -3209123.1952  0.2550 
   00040    0.4298 -3212809.0326  0.2551 
   00041    0.4298 -3217741.5882  0.2547 
   00042    0.4291 -3220470.5063  0.2549 
   00043    0.4283 -3225486.2550  0.2552 
   00044    0.4284 -3229720.9273  0.2552 
   00045    0.4271 -3233071.1018  0.2555 
   00046    0.4265 -3236567.1976  0.2556 
   00047    0.4266 -3240348.6507  0.2556 
   00048    0.4262 -3242888.8218  0.2556 
   00049    0.4268 -3244823.0887  0.2556 
   00050    0.4255 -3247898.5968  0.2559 
