#=====================================================
# File created:        Thu-10-Oct-2024-at-05-14-06PM
# Size of lattice:     1000x1000
# Number of MC steps:  50
# Reduced temperature: 0.500
# Run time (s):        56.614571
#=====================================================
# MC step:  Ratio:     Energy:   Order:
#=====================================================
   00000    0.5000 -998618.8625  0.2502 
   00001    0.6536 -1310035.9970  0.2506 
   00002    0.5956 -1524978.9692  0.2507 
   00003    0.5541 -1680523.0992  0.2504 
   00004    0.5243 -1800336.1548  0.2503 
   00005    0.4999 -1894522.7052  0.2503 
   00006    0.4823 -1972233.7634  0.2506 
   00007    0.4673 -2036299.2701  0.2509 
   00008    0.4540 -2090325.9081  0.2507 
   00009    0.4468 -2136962.8107  0.2509 
   00010    0.4352 -2177586.9763  0.2513 
   00011    0.4288 -2213088.7368  0.2515 
   00012    0.4221 -2244477.4669  0.2518 
   00013    0.4163 -2271946.0823  0.2522 
   00014    0.4114 -2295455.7191  0.2517 
   00015    0.4074 -2318163.8059  0.2516 
   00016    0.4026 -2337501.9606  0.2516 
   00017    0.3991 -2355072.4668  0.2519 
   00018    0.3958 -2371569.1039  0.2520 
   00019    0.3931 -2386126.2769  0.2515 
   00020    0.3898 -2399042.4576  0.2517 
   00021    0.3885 -2410878.5436  0.2519 
   00022    0.3861 -2422746.7438  0.2519 
   00023    0.3847 -2433224.6935  0.2520 
   00024    0.3829 -2443163.5394  0.2519 
   00025    0.3820 -2453608.8847  0.2519 
   00026    0.3778 -2462601.5458  0.2516 
   00027    0.3778 -2471326.6411  0.2520 
   00028    0.3756 -2478075.9269  0.2521 
   00029    0.3744 -2485241.2553  0.2520 
   00030    0.3730 -2492338.5297  0.2525 
   00031    0.3724 -2499195.8138  0.2525 
   00032    0.3690 -2505884.5871  0.2523 
   00033    0.3701 -2510238.0002  0.2521 
   00034    0.3676 -2515510.6079  0.2521 
   00035    0.3668 -2521583.3928  0.2519 
   00036    0.3673 -2525918.2688  0.2522 
   00037    0.3663 -2530092.9650  0.2524 
   00038    0.3642 -2535175.3681  0.2525 
   00039    0.3651 -2539638.8613  0.2527 
   00040    0.3635 -2542964.5189  0.2525 
   00041    0.3634 -2547364.9415  0.2522 
   00042    0.3630 -2551492.6014  0.2525 
   00043    0.3617 -2556345.3283  0.2524 
   00044    0.3609 -2559598.7894  0.2526 
   00045    0.3595 -2564038.6047  0.2527 
   00046    0.3587 -2567060.2973  0.2527 
   00047    0.3582 -2569541.0703  0.2531 
   00048    0.3581 -2571412.3330  0.2529 
   00049    0.3585 -2573837.8180  0.2528 
   00050    0.3578 -2575546.6762  0.2534 
