#=====================================================
# File created:        Thu-10-Oct-2024-at-05-25-34PM
# Size of lattice:     1000x1000
# Number of MC steps:  50
# Reduced temperature: 0.500
# Run time (s):        411.498215
#=====================================================
# MC step:  Ratio:     Energy:   Order:
#=====================================================
   00000    0.5000 -997955.0870  0.2505 
   00001    0.6550 -1308698.2798  0.2504 
   00002    0.5957 -1523461.5652  0.2506 
   00003    0.5544 -1680953.1241  0.2508 
   00004    0.5236 -1800883.9155  0.2512 
   00005    0.5006 -1894724.3439  0.2516 
   00006    0.4818 -1970468.3606  0.2513 
   00007    0.4675 -2035404.4934  0.2516 
   00008    0.4563 -2088283.5924  0.2517 
   00009    0.4448 -2135022.9983  0.2515 
   00010    0.4358 -2175433.0501  0.2515 
   00011    0.4291 -2211111.7057  0.2511 
   00012    0.4231 -2241369.3418  0.2509 
   00013    0.4172 -2269327.7264  0.2509 
   00014    0.4118 -2295021.0877  0.2505 
   00015    0.4067 -2317165.4459  0.2512 
   00016    0.4037 -2336902.5000  0.2516 
   00017    0.3990 -2354234.5672  0.2521 
   00018    0.3956 -2371353.8872  0.2522 
   00019    0.3935 -2387219.4927  0.2521 
   00020    0.3881 -2400285.4127  0.2522 
   00021    0.3868 -2413238.9651  0.2526 
   00022    0.3862 -2425476.3492  0.2528 
   00023    0.3830 -2435936.7027  0.2526 
   00024    0.3819 -2446388.6446  0.2525 
   00025    0.3789 -2456454.2652  0.2525 
   00026    0.3778 -2464663.2548  0.2525 
   00027    0.3763 -2473846.3748  0.2528 
   00028    0.3740 -2481423.2158  0.2526 
   00029    0.3732 -2488036.6681  0.2524 
   00030    0.3718 -2495165.1828  0.2521 
   00031    0.3703 -2501463.3523  0.2522 
   00032    0.3695 -2507622.0935  0.2522 
   00033    0.3697 -2514431.4642  0.2523 
   00034    0.3678 -2519906.1752  0.2524 
   00035    0.3675 -2526160.2024  0.2522 
   00036    0.3651 -2529992.8374  0.2525 
   00037    0.3657 -2534760.2810  0.2521 
   00038    0.3651 -2538510.3716  0.2516 
   00039    0.3636 -2543102.5539  0.2515 
   00040    0.3623 -2547021.2654  0.2515 
   00041    0.3629 -2550937.9812  0.2516 
   00042    0.3609 -2555666.4608  0.2515 
   00043    0.3600 -2558137.7953  0.2515 
   00044    0.3600 -2561257.0248  0.2511 
   00045    0.3592 -2564075.5733  0.2513 
   00046    0.3591 -2565060.4633  0.2516 
   00047    0.3606 -2568448.2258  0.2518 
   00048    0.3572 -2570147.9582  0.2516 
   00049    0.3579 -2573871.5491  0.2520 
   00050    0.3579 -2577953.6824  0.2520 
