#=====================================================
# File created:        Thu-10-Oct-2024-at-05-32-12PM
# Size of lattice:     1000x1000
# Number of MC steps:  50
# Reduced temperature: 0.500
# Run time (s):        635.109735
#=====================================================
# MC step:  Ratio:     Energy:   Order:
#=====================================================
   00000    0.5000 -1000739.1725  0.2501 
   00001    0.6797 -1486611.1994  0.2502 
   00002    0.6226 -1802348.4943  0.2507 
   00003    0.5847 -2028259.0054  0.2509 
   00004    0.5574 -2201152.6017  0.2508 
   00005    0.5375 -2338824.8516  0.2511 
   00006    0.5207 -2450935.4543  0.2505 
   00007    0.5087 -2543062.1238  0.2508 
   00008    0.4985 -2622085.4032  0.2510 
   00009    0.4897 -2687297.0582  0.2513 
   00010    0.4831 -2743866.1634  0.2521 
   00011    0.4771 -2792847.2531  0.2522 
   00012    0.4710 -2836358.3105  0.2523 
   00013    0.4672 -2873284.2966  0.2525 
   00014    0.4629 -2907455.3057  0.2522 
   00015    0.4594 -2936998.5744  0.2521 
   00016    0.4569 -2961571.7253  0.2522 
   00017    0.4542 -2984361.6184  0.2526 
   00018    0.4513 -3005690.1517  0.2524 
   00019    0.4496 -3025212.7238  0.2520 
   00020    0.4475 -3042881.9010  0.2519 
   00021    0.4463 -3058126.3977  0.2518 
   00022    0.4443 -3072755.7160  0.2519 
   00023    0.4420 -3086294.4733  0.2522 
   00024    0.4415 -3097464.3570  0.2522 
   00025    0.4411 -3109703.8065  0.2522 
   00026    0.4397 -3119813.0634  0.2526 
   00027    0.4378 -3129514.6781  0.2531 
   00028    0.4380 -3139588.8185  0.2528 
   00029    0.4363 -3148412.8410  0.2530 
   00030    0.4344 -3156757.0963  0.2532 
   00031    0.4346 -3163862.5796  0.2530 
   00032    0.4341 -3171176.6711  0.2532 
   00033    0.4329 -3176817.5973  0.2534 
   00034    0.4323 -3181765.0107  0.2536 
   00035    0.4313 -3187160.8333  0.2537 
   00036    0.4313 -3192634.3383  0.2535 
   00037    0.4314 -3198471.4811  0.2537 
   00038    0.4316 -3202770.9723  0.2536 
   00039    0.4300 -3207494.4773  0.2538 
   00040    0.4298 -3211564.8937  0.2539 
   00041    0.4288 -3215987.0512  0.2539 
   00042    0.4279 -3219540.4088  0.2539 
   00043    0.4281 -3223908.8476  0.2539 
   00044    0.4272 -3227794.6208  0.2540 
   00045    0.4267 -3230731.4658  0.2542 
   00046    0.4275 -3233905.0048  0.2544 
   00047    0.4266 -3237522.0088  0.2546 
   00048    0.4260 -3241196.7979  0.2546 
   00049    0.4269 -3244013.4098  0.2544 
   00050    0.4271 -3247747.4640  0.2545 
