#=====================================================
# File created:        Thu-10-Oct-2024-at-05-14-52PM
# Size of lattice:     1000x1000
# Number of MC steps:  50
# Reduced temperature: 0.500
# Run time (s):        7.856761
#=====================================================
# MC step:  Ratio:     Energy:   Order:
#=====================================================
   00000    0.5000 -1001617.2004  0.2508 
   00001    0.6665 -1374762.9806  0.2511 
   00002    0.6211 -1583779.3290  0.2508 
   00003    0.5946 -1711381.7447  0.2516 
   00004    0.5781 -1791249.3477  0.2514 
   00005    0.5678 -1847001.4616  0.2516 
   00006    0.5619 -1883622.4349  0.2519 
   00007    0.5561 -1909470.8838  0.2527 
   00008    0.5533 -1931422.8343  0.2518 
   00009    0.5500 -1944857.9895  0.2514 
   00010    0.5499 -1955592.2557  0.2515 
   00011    0.5479 -1965722.3000  0.2528 
   00012    0.5462 -1973717.4660  0.2524 
   00013    0.5444 -1979333.0497  0.2525 
   00014    0.5447 -1983996.2509  0.2528 
   00015    0.5449 -1987868.6185  0.2529 
   00016    0.5430 -1990894.1852  0.2534 
   00017    0.5423 -1993406.9749  0.2531 
   00018    0.5413 -1995198.1935  0.2527 
   00019    0.5438 -1995893.3069  0.2523 
   00020    0.5410 -1995065.0817  0.2517 
   00021    0.5419 -1995654.6113  0.2518 
   00022    0.5424 -1998739.8290  0.2518 
   00023    0.5414 -2000828.2638  0.2514 
   00024    0.5406 -2001994.5854  0.2516 
   00025    0.5409 -2002410.6014  0.2514 
   00026    0.5414 -2003289.6615  0.2518 
   00027    0.5419 -2000787.3663  0.2513 
   00028    0.5415 -2000103.0159  0.2509 
   00029    0.5414 -2001687.8588  0.2511 
   00030    0.5409 -2000712.8002  0.2516 
   00031    0.5404 -2000199.6179  0.2512 
   00032    0.5413 -2000032.4059  0.2514 
   00033    0.5419 -2000027.5991  0.2510 
   00034    0.5408 -2001744.3500  0.2509 
   00035    0.5400 -2002822.5756  0.2506 
   00036    0.5407 -2001917.1982  0.2504 
   00037    0.5413 -1999263.2315  0.2502 
   00038    0.5412 -1998374.0168  0.2503 
   00039    0.5418 -1998588.3504  0.2505 
   00040    0.5414 -1998787.5240  0.2508 
   00041    0.5420 -1999242.5543  0.2503 
   00042    0.5414 -1999511.5504  0.2508 
   00043    0.5418 -1998271.9781  0.2513 
   00044    0.5407 -1997599.7960  0.2516 
   00045    0.5420 -1999759.8567  0.2514 
   00046    0.5417 -1997385.6613  0.2508 
   00047    0.5407 -1998405.8261  0.2508 
   00048    0.5409 -1999564.4752  0.2506 
   00049    0.5420 -2000775.4327  0.2509 
   00050    0.5415 -2001659.4755  0.2511 
