#=====================================================
# File created:        Tue-15-Oct-2024-at-12-35-08PM
# Size of lattice:     10x10
# Number of MC steps:  50
# Reduced temperature: 0.500
# Number of threads:   2
# Run time (s):        0.009483
#=====================================================
# MC step:  Ratio:     Energy:   Order:
#=====================================================
   00000    0.5000 -99.8463  0.3319 
   00001    0.7500 -116.6266  0.3586 
   00002    0.6600 -155.9020  0.3723 
   00003    0.6700 -179.9727  0.4179 
   00004    0.6500 -208.1131  0.4305 
   00005    0.6100 -232.4934  0.4679 
   00006    0.6500 -241.0209  0.4667 
   00007    0.4800 -252.9712  0.4704 
   00008    0.5900 -252.1802  0.4818 
   00009    0.5600 -272.0273  0.5204 
   00010    0.5800 -273.8564  0.5184 
   00011    0.5300 -286.2271  0.5084 
   00012    0.5600 -296.0637  0.5251 
   00013    0.5800 -292.0892  0.5295 
   00014    0.6600 -297.5949  0.5517 
   00015    0.5600 -289.4388  0.5701 
   00016    0.5600 -283.1690  0.5373 
   00017    0.5300 -283.3019  0.5577 
   00018    0.6100 -293.0405  0.5667 
   00019    0.4700 -297.9082  0.5657 
   00020    0.5600 -309.1468  0.5919 
   00021    0.5800 -304.8536  0.5913 
   00022    0.5200 -296.8671  0.5838 
   00023    0.5500 -304.9686  0.5831 
   00024    0.5700 -295.4978  0.5410 
   00025    0.5500 -300.0569  0.5581 
   00026    0.5700 -296.8231  0.5287 
   00027    0.6300 -304.8444  0.5294 
   00028    0.5600 -314.6919  0.4930 
   00029    0.6000 -314.7181  0.5122 
   00030    0.5600 -310.6053  0.5513 
   00031    0.5600 -301.4653  0.5320 
   00032    0.5800 -312.1061  0.5511 
   00033    0.6200 -300.8184  0.5656 
   00034    0.5300 -293.8810  0.5774 
   00035    0.5100 -308.9854  0.6115 
   00036    0.5800 -307.6412  0.6280 
   00037    0.5200 -317.3934  0.6788 
   00038    0.5300 -305.5615  0.6231 
   00039    0.5100 -312.6586  0.6170 
   00040    0.5000 -319.8808  0.6200 
   00041    0.6400 -320.2525  0.6018 
   00042    0.5800 -317.3438  0.6079 
   00043    0.5400 -317.2765  0.6241 
   00044    0.5200 -324.3945  0.6750 
   00045    0.6100 -331.1633  0.6889 
   00046    0.5900 -321.1366  0.6950 
   00047    0.5300 -321.8745  0.7084 
   00048    0.6100 -326.9772  0.6943 
   00049    0.5300 -330.1000  0.7165 
   00050    0.5000 -328.3105  0.7428 
