#=====================================================
# File created:        Tue-15-Oct-2024-at-12-36-22PM
# Size of lattice:     10x10
# Number of MC steps:  50
# Reduced temperature: 0.500
# Number of threads:   12
# Run time (s):        0.033560
#=====================================================
# MC step:  Ratio:     Energy:   Order:
#=====================================================
   00000    0.5000 -119.8481  0.3442 
   00001    0.6500 -151.9796  0.3800 
   00002    0.7100 -181.2823  0.4125 
   00003    0.7600 -190.3818  0.4466 
   00004    0.6200 -213.5831  0.4706 
   00005    0.6700 -220.7402  0.4709 
   00006    0.5100 -228.4397  0.4672 
   00007    0.6400 -237.0651  0.4893 
   00008    0.6400 -246.8765  0.4902 
   00009    0.5800 -240.4919  0.4868 
   00010    0.6000 -243.4327  0.5283 
   00011    0.6100 -266.6234  0.5268 
   00012    0.5300 -267.6743  0.5364 
   00013    0.5900 -265.7940  0.5469 
   00014    0.5900 -279.7874  0.5345 
   00015    0.5500 -282.9843  0.5600 
   00016    0.6200 -287.7498  0.5641 
   00017    0.5300 -286.9971  0.5757 
   00018    0.6100 -276.9588  0.5744 
   00019    0.5800 -298.8848  0.6156 
   00020    0.5100 -304.8630  0.6009 
   00021    0.5600 -308.7609  0.6200 
   00022    0.6000 -308.9968  0.6469 
   00023    0.4600 -307.0808  0.6316 
   00024    0.6400 -315.8185  0.6819 
   00025    0.6200 -312.4732  0.7012 
   00026    0.5600 -323.0842  0.7115 
   00027    0.5100 -323.1213  0.7190 
   00028    0.5000 -331.6301  0.7486 
   00029    0.5100 -324.4930  0.7482 
   00030    0.5300 -320.9568  0.7605 
   00031    0.5900 -318.9157  0.7443 
   00032    0.5800 -321.4893  0.7424 
   00033    0.4200 -324.6545  0.7672 
   00034    0.5800 -324.9922  0.7682 
   00035    0.5600 -331.7813  0.7754 
   00036    0.5400 -344.4066  0.8189 
   00037    0.6500 -342.5269  0.8165 
   00038    0.5600 -340.5353  0.8171 
   00039    0.5900 -342.3953  0.8211 
   00040    0.5000 -338.5781  0.8251 
   00041    0.5200 -338.6541  0.8173 
   00042    0.5600 -339.5059  0.8043 
   00043    0.4900 -346.2725  0.8404 
   00044    0.5000 -352.3935  0.8574 
   00045    0.5300 -345.9715  0.8572 
   00046    0.5800 -338.5918  0.8527 
   00047    0.5200 -343.3040  0.8467 
   00048    0.5400 -331.3024  0.8346 
   00049    0.4300 -338.0529  0.8536 
   00050    0.5100 -339.0138  0.8396 
