#=====================================================
# File created:        Tue-15-Oct-2024-at-12-34-43PM
# Size of lattice:     100x100
# Number of MC steps:  50
# Reduced temperature: 0.500
# Number of threads:   1
# Run time (s):        0.072258
#=====================================================
# MC step:  Ratio:     Energy:   Order:
#=====================================================
   00000    0.5000 -9934.2216  0.2569 
   00001    0.7389 -13399.2144  0.2614 
   00002    0.7029 -16189.0925  0.2620 
   00003    0.6892 -18233.2454  0.2648 
   00004    0.6733 -19988.6639  0.2617 
   00005    0.6519 -21458.8766  0.2625 
   00006    0.6456 -22640.2058  0.2588 
   00007    0.6174 -23520.5561  0.2572 
   00008    0.6215 -24351.6338  0.2585 
   00009    0.6070 -25168.6350  0.2572 
   00010    0.6014 -25790.2466  0.2565 
   00011    0.6036 -26383.8029  0.2561 
   00012    0.5939 -26910.1409  0.2575 
   00013    0.5849 -27361.9243  0.2598 
   00014    0.5786 -27747.4846  0.2585 
   00015    0.5862 -28254.2060  0.2609 
   00016    0.5859 -28367.3860  0.2612 
   00017    0.5605 -28770.2642  0.2586 
   00018    0.5720 -29106.6166  0.2595 
   00019    0.5707 -29322.1111  0.2604 
   00020    0.5710 -29567.5630  0.2604 
   00021    0.5676 -29799.5179  0.2619 
   00022    0.5669 -29888.0396  0.2612 
   00023    0.5739 -29960.6508  0.2601 
   00024    0.5656 -30121.1827  0.2629 
   00025    0.5601 -30332.1278  0.2646 
   00026    0.5651 -30483.6817  0.2669 
   00027    0.5489 -30635.6007  0.2671 
   00028    0.5614 -30817.0207  0.2685 
   00029    0.5526 -30843.0827  0.2688 
   00030    0.5560 -30956.1257  0.2699 
   00031    0.5606 -31126.2754  0.2717 
   00032    0.5660 -31252.5762  0.2691 
   00033    0.5527 -31319.1391  0.2689 
   00034    0.5501 -31354.0584  0.2685 
   00035    0.5451 -31404.0137  0.2720 
   00036    0.5500 -31410.1736  0.2713 
   00037    0.5565 -31539.8145  0.2707 
   00038    0.5451 -31755.9250  0.2732 
   00039    0.5521 -31806.2496  0.2733 
   00040    0.5405 -31845.9415  0.2696 
   00041    0.5523 -31838.5085  0.2684 
   00042    0.5423 -31861.9174  0.2680 
   00043    0.5364 -31798.3274  0.2739 
   00044    0.5515 -31899.4590  0.2729 
   00045    0.5397 -31926.4444  0.2704 
   00046    0.5414 -31913.0926  0.2694 
   00047    0.5518 -32043.4691  0.2749 
   00048    0.5496 -32131.7908  0.2716 
   00049    0.5488 -32076.5334  0.2725 
   00050    0.5519 -32165.6542  0.2716 
