#=====================================================
# File created:        Tue-15-Oct-2024-at-12-36-04PM
# Size of lattice:     100x100
# Number of MC steps:  50
# Reduced temperature: 0.500
# Number of threads:   6
# Run time (s):        0.036921
#=====================================================
# MC step:  Ratio:     Energy:   Order:
#=====================================================
   00000    0.5000 -10161.4507  0.2586 
   00001    0.7340 -13521.2392  0.2645 
   00002    0.7122 -16152.0705  0.2646 
   00003    0.6834 -18384.5579  0.2657 
   00004    0.6754 -20158.7692  0.2676 
   00005    0.6584 -21385.6706  0.2695 
   00006    0.6434 -22569.4495  0.2754 
   00007    0.6443 -23469.0578  0.2738 
   00008    0.6300 -24316.4436  0.2752 
   00009    0.6120 -24928.7555  0.2753 
   00010    0.6085 -25666.8639  0.2818 
   00011    0.6072 -26194.0674  0.2862 
   00012    0.5933 -26766.3325  0.2876 
   00013    0.5975 -27313.7414  0.2899 
   00014    0.5934 -27693.8360  0.2908 
   00015    0.5767 -27974.2726  0.2930 
   00016    0.5785 -28410.9239  0.2910 
   00017    0.5884 -28761.5690  0.2914 
   00018    0.5731 -29094.0608  0.2898 
   00019    0.5630 -29441.6175  0.2913 
   00020    0.5664 -29695.5977  0.2948 
   00021    0.5654 -29929.0751  0.2921 
   00022    0.5623 -30087.7095  0.2903 
   00023    0.5619 -30307.0410  0.2904 
   00024    0.5558 -30430.9412  0.2884 
   00025    0.5631 -30462.8018  0.2893 
   00026    0.5536 -30612.8646  0.2855 
   00027    0.5632 -30799.0600  0.2880 
   00028    0.5471 -30875.1041  0.2884 
   00029    0.5604 -30906.3299  0.2891 
   00030    0.5639 -30859.1598  0.2862 
   00031    0.5539 -30902.6232  0.2868 
   00032    0.5513 -31079.3125  0.2848 
   00033    0.5493 -31245.8244  0.2854 
   00034    0.5521 -31278.6941  0.2861 
   00035    0.5383 -31313.2134  0.2870 
   00036    0.5450 -31406.6957  0.2878 
   00037    0.5490 -31411.0234  0.2885 
   00038    0.5482 -31581.4135  0.2864 
   00039    0.5543 -31609.5625  0.2841 
   00040    0.5480 -31533.1686  0.2832 
   00041    0.5449 -31637.7936  0.2881 
   00042    0.5409 -31663.3696  0.2865 
   00043    0.5432 -31708.8046  0.2861 
   00044    0.5455 -31655.6536  0.2852 
   00045    0.5435 -31704.6679  0.2835 
   00046    0.5469 -31754.8332  0.2808 
   00047    0.5487 -31811.6670  0.2813 
   00048    0.5454 -31897.0093  0.2810 
   00049    0.5420 -32032.2302  0.2810 
   00050    0.5382 -32062.9870  0.2803 
