#=====================================================
# File created:        Tue-15-Oct-2024-at-12-35-39PM
# Size of lattice:     1000x1000
# Number of MC steps:  50
# Reduced temperature: 0.500
# Number of threads:   4
# Run time (s):        1.816829
#=====================================================
# MC step:  Ratio:     Energy:   Order:
#=====================================================
   00000    0.5000 -1000292.7539  0.2501 
   00001    0.7369 -1341872.5082  0.2508 
   00002    0.7085 -1611966.4754  0.2507 
   00003    0.6843 -1827486.9635  0.2507 
   00004    0.6664 -2003319.4549  0.2504 
   00005    0.6500 -2146574.7233  0.2506 
   00006    0.6378 -2266729.4534  0.2506 
   00007    0.6258 -2369386.7828  0.2505 
   00008    0.6180 -2456613.0266  0.2508 
   00009    0.6090 -2532167.1572  0.2509 
   00010    0.6024 -2598023.5266  0.2513 
   00011    0.5974 -2655782.9804  0.2520 
   00012    0.5918 -2706084.8422  0.2515 
   00013    0.5868 -2751873.6768  0.2512 
   00014    0.5825 -2792159.7873  0.2514 
   00015    0.5795 -2828132.3967  0.2510 
   00016    0.5754 -2860126.0877  0.2514 
   00017    0.5745 -2889931.4841  0.2515 
   00018    0.5707 -2916073.7652  0.2511 
   00019    0.5678 -2940154.9759  0.2510 
   00020    0.5667 -2963530.2299  0.2511 
   00021    0.5645 -2983398.5996  0.2512 
   00022    0.5625 -3002166.4409  0.2514 
   00023    0.5607 -3019607.9338  0.2516 
   00024    0.5599 -3034686.2470  0.2520 
   00025    0.5582 -3048486.4325  0.2519 
   00026    0.5576 -3062326.7133  0.2518 
   00027    0.5556 -3074538.4068  0.2521 
   00028    0.5543 -3086404.0684  0.2521 
   00029    0.5540 -3098204.5827  0.2522 
   00030    0.5526 -3107550.3414  0.2523 
   00031    0.5516 -3118174.7068  0.2524 
   00032    0.5509 -3126551.5394  0.2525 
   00033    0.5511 -3134894.6807  0.2529 
   00034    0.5496 -3143179.7203  0.2532 
   00035    0.5504 -3151397.0754  0.2533 
   00036    0.5484 -3159142.8177  0.2533 
   00037    0.5480 -3165739.8158  0.2530 
   00038    0.5466 -3170717.7934  0.2530 
   00039    0.5463 -3176284.3764  0.2531 
   00040    0.5458 -3182567.4069  0.2532 
   00041    0.5463 -3188323.7700  0.2528 
   00042    0.5450 -3193678.6669  0.2534 
   00043    0.5437 -3198709.7940  0.2533 
   00044    0.5442 -3205014.9781  0.2533 
   00045    0.5442 -3208840.8940  0.2534 
   00046    0.5434 -3213508.5590  0.2538 
   00047    0.5432 -3217683.9826  0.2539 
   00048    0.5428 -3220954.0437  0.2539 
   00049    0.5418 -3224548.2243  0.2540 
   00050    0.5425 -3228464.4911  0.2538 
