#=====================================================
# File created:        Tue-15-Oct-2024-at-12-35-18PM
# Size of lattice:     1000x1000
# Number of MC steps:  50
# Reduced temperature: 0.500
# Number of threads:   2
# Run time (s):        3.232714
#=====================================================
# MC step:  Ratio:     Energy:   Order:
#=====================================================
   00000    0.5000 -998345.4740  0.2505 
   00001    0.7378 -1340824.3005  0.2507 
   00002    0.7076 -1610534.7956  0.2510 
   00003    0.6855 -1826534.3103  0.2514 
   00004    0.6670 -2001519.5360  0.2519 
   00005    0.6511 -2146779.7110  0.2518 
   00006    0.6370 -2268305.4720  0.2520 
   00007    0.6259 -2371412.3518  0.2518 
   00008    0.6160 -2459524.9431  0.2517 
   00009    0.6091 -2534509.0150  0.2513 
   00010    0.6017 -2599542.7591  0.2516 
   00011    0.5966 -2657132.8181  0.2520 
   00012    0.5917 -2708848.6748  0.2519 
   00013    0.5866 -2754912.9127  0.2519 
   00014    0.5823 -2795422.3666  0.2519 
   00015    0.5792 -2832508.4446  0.2518 
   00016    0.5763 -2864928.1484  0.2522 
   00017    0.5733 -2893707.3057  0.2525 
   00018    0.5704 -2920893.6165  0.2524 
   00019    0.5674 -2944466.2936  0.2524 
   00020    0.5663 -2967242.6434  0.2523 
   00021    0.5651 -2988353.4707  0.2521 
   00022    0.5623 -3006014.3504  0.2521 
   00023    0.5606 -3023711.5740  0.2520 
   00024    0.5593 -3040161.3331  0.2513 
   00025    0.5573 -3054610.6540  0.2515 
   00026    0.5567 -3067293.0599  0.2517 
   00027    0.5555 -3080351.4038  0.2516 
   00028    0.5538 -3092551.3561  0.2520 
   00029    0.5537 -3102611.9291  0.2519 
   00030    0.5521 -3111969.7001  0.2524 
   00031    0.5521 -3121756.8876  0.2522 
   00032    0.5509 -3131255.5502  0.2524 
   00033    0.5502 -3139204.7617  0.2528 
   00034    0.5493 -3147089.8172  0.2528 
   00035    0.5492 -3154845.8095  0.2530 
   00036    0.5474 -3161760.4839  0.2534 
   00037    0.5475 -3168162.6261  0.2535 
   00038    0.5476 -3175229.0958  0.2540 
   00039    0.5471 -3180813.7319  0.2544 
   00040    0.5452 -3185553.8470  0.2542 
   00041    0.5446 -3190087.5647  0.2542 
   00042    0.5450 -3195999.3893  0.2544 
   00043    0.5448 -3201892.6019  0.2543 
   00044    0.5442 -3206756.8719  0.2541 
   00045    0.5433 -3211388.7343  0.2543 
   00046    0.5426 -3216463.5872  0.2541 
   00047    0.5424 -3219574.6351  0.2538 
   00048    0.5431 -3223843.5585  0.2541 
   00049    0.5423 -3227700.8480  0.2539 
   00050    0.5416 -3231535.3920  0.2543 
