#=====================================================
# File created:        Tue-15-Oct-2024-at-12-36-25PM
# Size of lattice:     100x100
# Number of MC steps:  50
# Reduced temperature: 0.500
# Number of threads:   12
# Run time (s):        0.045317
#=====================================================
# MC step:  Ratio:     Energy:   Order:
#=====================================================
   00000    0.5000 -9907.8371  0.2541 
   00001    0.7394 -13346.9727  0.2515 
   00002    0.7077 -16033.5446  0.2531 
   00003    0.6925 -18249.6442  0.2529 
   00004    0.6661 -20086.0651  0.2539 
   00005    0.6438 -21557.4301  0.2572 
   00006    0.6299 -22693.5928  0.2609 
   00007    0.6204 -23738.1460  0.2612 
   00008    0.6149 -24698.2556  0.2609 
   00009    0.6134 -25353.9929  0.2643 
   00010    0.6046 -25971.9749  0.2643 
   00011    0.5911 -26456.0276  0.2611 
   00012    0.5945 -26977.4127  0.2605 
   00013    0.5863 -27394.2201  0.2605 
   00014    0.5813 -27783.9764  0.2640 
   00015    0.5791 -28173.0695  0.2623 
   00016    0.5788 -28569.1085  0.2585 
   00017    0.5725 -28944.4639  0.2545 
   00018    0.5665 -29259.4086  0.2542 
   00019    0.5725 -29506.8673  0.2600 
   00020    0.5595 -29621.7917  0.2610 
   00021    0.5619 -29825.3518  0.2665 
   00022    0.5697 -30082.4009  0.2642 
   00023    0.5624 -30118.0752  0.2651 
   00024    0.5602 -30409.9678  0.2649 
   00025    0.5636 -30576.0301  0.2657 
   00026    0.5547 -30772.9361  0.2636 
   00027    0.5591 -30898.5392  0.2613 
   00028    0.5479 -30913.5116  0.2631 
   00029    0.5557 -30932.8598  0.2646 
   00030    0.5539 -30896.7826  0.2663 
   00031    0.5535 -31218.9319  0.2686 
   00032    0.5431 -31337.2548  0.2694 
   00033    0.5557 -31448.9447  0.2675 
   00034    0.5475 -31381.3910  0.2724 
   00035    0.5530 -31582.8113  0.2712 
   00036    0.5524 -31591.6216  0.2701 
   00037    0.5495 -31626.2949  0.2691 
   00038    0.5483 -31647.8446  0.2719 
   00039    0.5525 -31767.4676  0.2724 
   00040    0.5460 -31819.5851  0.2696 
   00041    0.5424 -31763.4531  0.2691 
   00042    0.5417 -31827.4884  0.2685 
   00043    0.5448 -31871.5546  0.2692 
   00044    0.5390 -32004.9227  0.2666 
   00045    0.5376 -32082.0766  0.2678 
   00046    0.5464 -32054.3061  0.2670 
   00047    0.5517 -32154.7383  0.2655 
   00048    0.5441 -32247.4608  0.2636 
   00049    0.5373 -32245.8574  0.2600 
   00050    0.5418 -32324.5711  0.2662 
