#=====================================================
# File created:        Tue-15-Oct-2024-at-12-36-29PM
# Size of lattice:     1000x1000
# Number of MC steps:  50
# Reduced temperature: 0.500
# Number of threads:   12
# Run time (s):        1.193564
#=====================================================
# MC step:  Ratio:     Energy:   Order:
#=====================================================
   00000    0.5000 -998891.3552  0.2512 
   00001    0.7370 -1342562.2769  0.2514 
   00002    0.7076 -1612084.2994  0.2514 
   00003    0.6849 -1828555.1510  0.2519 
   00004    0.6652 -2003978.6887  0.2519 
   00005    0.6501 -2148608.4156  0.2519 
   00006    0.6372 -2268655.8758  0.2518 
   00007    0.6263 -2370074.3519  0.2523 
   00008    0.6167 -2457837.2471  0.2526 
   00009    0.6096 -2533340.0539  0.2524 
   00010    0.6029 -2598808.3526  0.2527 
   00011    0.5962 -2657258.0692  0.2529 
   00012    0.5917 -2709430.7293  0.2530 
   00013    0.5867 -2754847.7092  0.2531 
   00014    0.5829 -2794630.2254  0.2530 
   00015    0.5799 -2831102.5061  0.2532 
   00016    0.5764 -2862679.5677  0.2534 
   00017    0.5740 -2892430.4221  0.2535 
   00018    0.5696 -2919027.7013  0.2540 
   00019    0.5684 -2942856.7877  0.2542 
   00020    0.5669 -2963065.6507  0.2541 
   00021    0.5647 -2983643.3427  0.2542 
   00022    0.5631 -3002720.8439  0.2543 
   00023    0.5613 -3019888.9777  0.2548 
   00024    0.5595 -3036265.8206  0.2550 
   00025    0.5587 -3051362.0925  0.2551 
   00026    0.5581 -3064551.5466  0.2549 
   00027    0.5567 -3077275.0224  0.2552 
   00028    0.5551 -3087645.5133  0.2552 
   00029    0.5545 -3098761.1641  0.2554 
   00030    0.5524 -3108809.1139  0.2554 
   00031    0.5519 -3118683.4800  0.2552 
   00032    0.5518 -3127621.7413  0.2550 
   00033    0.5501 -3136001.6751  0.2551 
   00034    0.5501 -3142860.4375  0.2556 
   00035    0.5487 -3150537.7690  0.2558 
   00036    0.5480 -3157229.4264  0.2559 
   00037    0.5477 -3164383.5529  0.2556 
   00038    0.5475 -3170785.3834  0.2557 
   00039    0.5475 -3176823.0215  0.2560 
   00040    0.5458 -3182469.2344  0.2558 
   00041    0.5459 -3187375.0369  0.2562 
   00042    0.5449 -3193000.1620  0.2561 
   00043    0.5445 -3198919.1226  0.2560 
   00044    0.5445 -3203794.0931  0.2557 
   00045    0.5440 -3208539.5571  0.2557 
   00046    0.5434 -3211560.6062  0.2561 
   00047    0.5428 -3216337.7910  0.2563 
   00048    0.5427 -3221221.7679  0.2565 
   00049    0.5420 -3225855.1009  0.2561 
   00050    0.5416 -3230228.5663  0.2561 
