#=====================================================
# File created:        Tue-15-Oct-2024-at-12-35-11PM
# Size of lattice:     100x100
# Number of MC steps:  50
# Reduced temperature: 0.500
# Number of threads:   2
# Run time (s):        0.049864
#=====================================================
# MC step:  Ratio:     Energy:   Order:
#=====================================================
   00000    0.5000 -10149.1318  0.2548 
   00001    0.7414 -13558.9523  0.2549 
   00002    0.6939 -16277.6927  0.2504 
   00003    0.6839 -18296.9110  0.2537 
   00004    0.6668 -20227.2797  0.2548 
   00005    0.6474 -21692.8073  0.2553 
   00006    0.6521 -22916.0505  0.2572 
   00007    0.6129 -23876.4978  0.2676 
   00008    0.6204 -24651.1432  0.2712 
   00009    0.6221 -25461.0874  0.2720 
   00010    0.5999 -26106.2043  0.2748 
   00011    0.6036 -26659.7565  0.2734 
   00012    0.5930 -27072.0405  0.2736 
   00013    0.5849 -27612.9968  0.2805 
   00014    0.5788 -27890.1578  0.2798 
   00015    0.5752 -28166.6875  0.2807 
   00016    0.5826 -28538.9497  0.2822 
   00017    0.5670 -28901.9309  0.2826 
   00018    0.5744 -29187.4347  0.2837 
   00019    0.5708 -29436.6745  0.2845 
   00020    0.5685 -29650.9573  0.2847 
   00021    0.5733 -29860.7568  0.2872 
   00022    0.5641 -30116.7265  0.2884 
   00023    0.5683 -30353.1669  0.2889 
   00024    0.5603 -30490.6065  0.2881 
   00025    0.5623 -30644.8617  0.2885 
   00026    0.5581 -30815.7490  0.2884 
   00027    0.5498 -30923.2401  0.2915 
   00028    0.5558 -30918.6660  0.2932 
   00029    0.5507 -31126.9567  0.2960 
   00030    0.5539 -31239.0962  0.2946 
   00031    0.5534 -31317.3090  0.2966 
   00032    0.5548 -31467.7001  0.2980 
   00033    0.5466 -31504.9111  0.2977 
   00034    0.5436 -31566.3323  0.3000 
   00035    0.5446 -31601.0298  0.3012 
   00036    0.5483 -31557.0602  0.3059 
   00037    0.5471 -31714.3724  0.3069 
   00038    0.5510 -31791.6906  0.3092 
   00039    0.5550 -31823.2136  0.3071 
   00040    0.5586 -31863.1210  0.3112 
   00041    0.5475 -31930.3366  0.3110 
   00042    0.5438 -31900.5388  0.3131 
   00043    0.5484 -31938.2321  0.3135 
   00044    0.5467 -31979.3149  0.3162 
   00045    0.5459 -32044.9464  0.3182 
   00046    0.5457 -32090.2768  0.3186 
   00047    0.5424 -32171.9763  0.3202 
   00048    0.5412 -32249.0143  0.3226 
   00049    0.5339 -32369.1185  0.3243 
   00050    0.5448 -32346.9055  0.3250 
