#=====================================================
# File created:        Tue-15-Oct-2024-at-12-34-40PM
# Size of lattice:     10x10
# Number of MC steps:  50
# Reduced temperature: 0.500
# Number of threads:   1
# Run time (s):        0.002042
#=====================================================
# MC step:  Ratio:     Energy:   Order:
#=====================================================
   00000    0.5000 -118.3335  0.3287 
   00001    0.7000 -148.3275  0.3160 
   00002    0.7700 -173.5526  0.3118 
   00003    0.7600 -201.1985  0.3424 
   00004    0.5900 -232.8320  0.3858 
   00005    0.5300 -239.1254  0.3859 
   00006    0.5100 -240.4429  0.4073 
   00007    0.6200 -254.1649  0.4396 
   00008    0.6300 -262.7373  0.4240 
   00009    0.5600 -272.2996  0.4435 
   00010    0.5700 -276.1432  0.4294 
   00011    0.6500 -276.9961  0.4034 
   00012    0.5800 -284.6932  0.3928 
   00013    0.5700 -287.6344  0.3896 
   00014    0.5600 -290.6933  0.3748 
   00015    0.5200 -279.6910  0.3899 
   00016    0.4300 -279.9987  0.4054 
   00017    0.5700 -282.8254  0.4272 
   00018    0.6300 -287.4614  0.4264 
   00019    0.5500 -295.4700  0.4512 
   00020    0.6000 -298.3646  0.4539 
   00021    0.5800 -298.1793  0.4309 
   00022    0.5300 -301.4457  0.4455 
   00023    0.6400 -298.0206  0.4053 
   00024    0.6200 -302.2669  0.4106 
   00025    0.5400 -295.7202  0.4086 
   00026    0.5600 -291.2937  0.4242 
   00027    0.5900 -289.2788  0.4303 
   00028    0.5300 -291.1868  0.4581 
   00029    0.6200 -293.6317  0.4341 
   00030    0.5000 -299.3009  0.4557 
   00031    0.5900 -293.0510  0.4592 
   00032    0.6000 -294.9314  0.4230 
   00033    0.6600 -287.5587  0.3974 
   00034    0.6300 -289.1891  0.3901 
   00035    0.4400 -294.1189  0.4105 
   00036    0.5600 -291.3441  0.4048 
   00037    0.5600 -284.9799  0.3835 
   00038    0.6000 -287.2817  0.4397 
   00039    0.5300 -296.8459  0.4409 
   00040    0.5700 -306.1338  0.4407 
   00041    0.5800 -301.9911  0.4290 
   00042    0.5900 -308.2481  0.4106 
   00043    0.6100 -310.9054  0.4610 
   00044    0.5400 -311.0701  0.4615 
   00045    0.5600 -303.6171  0.4573 
   00046    0.5600 -298.0324  0.4696 
   00047    0.6000 -304.5172  0.4780 
   00048    0.5800 -301.4950  0.4781 
   00049    0.4800 -303.9310  0.5149 
   00050    0.5800 -311.0204  0.5643 
