#=====================================================
# File created:        Tue-15-Oct-2024-at-12-36-10PM
# Size of lattice:     1000x1000
# Number of MC steps:  50
# Reduced temperature: 0.500
# Number of threads:   6
# Run time (s):        1.368372
#=====================================================
# MC step:  Ratio:     Energy:   Order:
#=====================================================
   00000    0.5000 -997346.3699  0.2504 
   00001    0.7375 -1339932.3815  0.2503 
   00002    0.7083 -1610188.6981  0.2503 
   00003    0.6846 -1826459.0845  0.2503 
   00004    0.6663 -2002032.7627  0.2501 
   00005    0.6501 -2147439.3456  0.2504 
   00006    0.6369 -2267474.5414  0.2504 
   00007    0.6252 -2369651.2074  0.2505 
   00008    0.6169 -2455581.4664  0.2504 
   00009    0.6085 -2529893.8981  0.2505 
   00010    0.6028 -2596829.2239  0.2505 
   00011    0.5959 -2655228.6519  0.2506 
   00012    0.5918 -2706237.3428  0.2508 
   00013    0.5868 -2750779.1445  0.2509 
   00014    0.5836 -2790889.9104  0.2515 
   00015    0.5801 -2826032.6777  0.2517 
   00016    0.5762 -2859289.0330  0.2519 
   00017    0.5734 -2888132.7713  0.2521 
   00018    0.5712 -2914281.4650  0.2522 
   00019    0.5679 -2939462.6406  0.2523 
   00020    0.5665 -2962019.1358  0.2523 
   00021    0.5650 -2982302.0719  0.2524 
   00022    0.5625 -3000547.0788  0.2527 
   00023    0.5621 -3017472.6859  0.2528 
   00024    0.5603 -3034173.6239  0.2531 
   00025    0.5592 -3047966.1799  0.2534 
   00026    0.5579 -3061585.4899  0.2539 
   00027    0.5563 -3074964.5471  0.2540 
   00028    0.5549 -3087269.1256  0.2543 
   00029    0.5533 -3097405.5915  0.2545 
   00030    0.5530 -3107258.7861  0.2545 
   00031    0.5535 -3117798.9800  0.2549 
   00032    0.5511 -3127898.5755  0.2548 
   00033    0.5505 -3137042.8786  0.2544 
   00034    0.5502 -3144675.6132  0.2543 
   00035    0.5489 -3151617.1624  0.2543 
   00036    0.5478 -3158834.8095  0.2544 
   00037    0.5473 -3165352.0634  0.2545 
   00038    0.5467 -3171474.2017  0.2549 
   00039    0.5466 -3176976.4638  0.2552 
   00040    0.5455 -3183360.3286  0.2555 
   00041    0.5455 -3188748.2229  0.2556 
   00042    0.5439 -3193569.8544  0.2555 
   00043    0.5452 -3198559.0154  0.2559 
   00044    0.5435 -3203294.5901  0.2561 
   00045    0.5434 -3208114.9114  0.2562 
   00046    0.5434 -3213158.1365  0.2564 
   00047    0.5428 -3217423.4397  0.2564 
   00048    0.5420 -3222272.6926  0.2568 
   00049    0.5418 -3226594.9231  0.2571 
   00050    0.5420 -3229889.8530  0.2576 
