#=====================================================
# File created:        Tue-15-Oct-2024-at-12-34-52PM
# Size of lattice:     1000x1000
# Number of MC steps:  50
# Reduced temperature: 0.500
# Number of threads:   1
# Run time (s):        5.973904
#=====================================================
# MC step:  Ratio:     Energy:   Order:
#=====================================================
   00000    0.5000 -998528.6009  0.2503 
   00001    0.7376 -1342326.7989  0.2505 
   00002    0.7076 -1613680.5649  0.2507 
   00003    0.6839 -1829524.6903  0.2509 
   00004    0.6652 -2004154.2651  0.2504 
   00005    0.6499 -2147108.2765  0.2509 
   00006    0.6379 -2267572.8579  0.2511 
   00007    0.6268 -2368873.5751  0.2511 
   00008    0.6171 -2456044.1258  0.2513 
   00009    0.6083 -2532117.3541  0.2516 
   00010    0.6019 -2597812.4461  0.2519 
   00011    0.5966 -2655139.6223  0.2518 
   00012    0.5915 -2706172.3678  0.2518 
   00013    0.5876 -2751060.1396  0.2519 
   00014    0.5830 -2792839.9883  0.2513 
   00015    0.5789 -2828619.8746  0.2516 
   00016    0.5757 -2860069.2411  0.2517 
   00017    0.5740 -2888815.3752  0.2520 
   00018    0.5709 -2916857.9523  0.2521 
   00019    0.5694 -2941890.5096  0.2518 
   00020    0.5663 -2963662.0275  0.2519 
   00021    0.5643 -2983550.7958  0.2519 
   00022    0.5631 -3001341.4074  0.2520 
   00023    0.5611 -3019115.5250  0.2518 
   00024    0.5605 -3035568.7641  0.2520 
   00025    0.5578 -3049514.6266  0.2516 
   00026    0.5570 -3062422.8854  0.2520 
   00027    0.5549 -3074432.1946  0.2524 
   00028    0.5549 -3087813.7948  0.2524 
   00029    0.5535 -3097795.3375  0.2522 
   00030    0.5538 -3107434.3603  0.2524 
   00031    0.5523 -3116653.3734  0.2523 
   00032    0.5522 -3125525.6420  0.2523 
   00033    0.5510 -3133075.4703  0.2522 
   00034    0.5499 -3141481.9235  0.2523 
   00035    0.5496 -3149944.7070  0.2522 
   00036    0.5491 -3157246.6505  0.2520 
   00037    0.5476 -3164006.3806  0.2523 
   00038    0.5466 -3170490.4500  0.2523 
   00039    0.5459 -3176042.7891  0.2523 
   00040    0.5462 -3182338.5583  0.2524 
   00041    0.5452 -3187346.1183  0.2524 
   00042    0.5450 -3192614.3248  0.2524 
   00043    0.5451 -3198977.6566  0.2527 
   00044    0.5443 -3203973.1043  0.2526 
   00045    0.5438 -3208459.0128  0.2526 
   00046    0.5434 -3213265.6411  0.2526 
   00047    0.5419 -3217573.8973  0.2525 
   00048    0.5430 -3220930.2686  0.2527 
   00049    0.5420 -3224965.1580  0.2527 
   00050    0.5421 -3227968.8385  0.2527 
