#=====================================================
# File created:        Tue-15-Oct-2024-at-12-35-31PM
# Size of lattice:     10x10
# Number of MC steps:  50
# Reduced temperature: 0.500
# Number of threads:   4
# Run time (s):        0.014680
#=====================================================
# MC step:  Ratio:     Energy:   Order:
#=====================================================
   00000    0.5000 -102.6392  0.2851 
   00001    0.7400 -120.7551  0.2834 
   00002    0.7000 -150.4991  0.3102 
   00003    0.7000 -177.1639  0.3546 
   00004    0.6300 -191.7691  0.3613 
   00005    0.5900 -198.3029  0.3792 
   00006    0.6700 -212.9046  0.3998 
   00007    0.6300 -234.8794  0.4095 
   00008    0.6300 -241.1109  0.4253 
   00009    0.6200 -252.5505  0.4610 
   00010    0.5400 -249.2487  0.4764 
   00011    0.5700 -255.7378  0.5072 
   00012    0.5900 -263.3426  0.5044 
   00013    0.6000 -269.0877  0.5205 
   00014    0.6900 -271.8675  0.5349 
   00015    0.5700 -273.1887  0.5457 
   00016    0.7000 -276.6999  0.5403 
   00017    0.5300 -260.3533  0.5051 
   00018    0.4900 -261.5175  0.5189 
   00019    0.5500 -264.3398  0.5138 
   00020    0.5100 -277.2966  0.5622 
   00021    0.5700 -284.8847  0.5556 
   00022    0.6000 -282.1308  0.5385 
   00023    0.4900 -284.3263  0.5521 
   00024    0.4900 -293.0440  0.5622 
   00025    0.5700 -298.9553  0.5697 
   00026    0.6900 -289.8768  0.5461 
   00027    0.4700 -294.9230  0.5728 
   00028    0.5800 -283.7948  0.5798 
   00029    0.5200 -284.1066  0.6144 
   00030    0.4800 -284.9744  0.5921 
   00031    0.5100 -290.9649  0.5596 
   00032    0.5600 -294.8216  0.5622 
   00033    0.6200 -287.1257  0.5295 
   00034    0.5700 -275.1404  0.5436 
   00035    0.6100 -288.3106  0.5606 
   00036    0.4700 -292.0356  0.5759 
   00037    0.6100 -294.9884  0.6012 
   00038    0.5900 -289.3505  0.6184 
   00039    0.5600 -291.7401  0.6471 
   00040    0.5700 -296.4246  0.6549 
   00041    0.5600 -293.0733  0.6293 
   00042    0.6600 -289.9815  0.6066 
   00043    0.6400 -286.8739  0.6101 
   00044    0.5500 -293.4340  0.5947 
   00045    0.5200 -292.0555  0.5729 
   00046    0.5100 -303.6352  0.5798 
   00047    0.5800 -302.7181  0.6528 
   00048    0.5500 -302.5742  0.6751 
   00049    0.5200 -302.9583  0.6752 
   00050    0.5300 -298.6693  0.6759 
