#=====================================================
# File created:        Tue-15-Oct-2024-at-12-35-50PM
# Size of lattice:     10x10
# Number of MC steps:  50
# Reduced temperature: 0.500
# Number of threads:   6
# Run time (s):        0.019785
#=====================================================
# MC step:  Ratio:     Energy:   Order:
#=====================================================
   00000    0.5000 -105.1980  0.3173 
   00001    0.6500 -131.4888  0.2833 
   00002    0.6800 -159.7279  0.2764 
   00003    0.7100 -198.6731  0.3252 
   00004    0.6600 -215.3920  0.3370 
   00005    0.5800 -226.0465  0.3583 
   00006    0.6500 -230.4748  0.3994 
   00007    0.5800 -241.8815  0.4194 
   00008    0.5600 -252.1411  0.4302 
   00009    0.6100 -263.3386  0.4503 
   00010    0.5200 -268.4196  0.4902 
   00011    0.5300 -287.2338  0.5367 
   00012    0.6000 -290.3114  0.5875 
   00013    0.5700 -282.3437  0.5767 
   00014    0.5400 -283.7946  0.5763 
   00015    0.5300 -289.9956  0.6060 
   00016    0.4900 -294.4963  0.5957 
   00017    0.5700 -296.0092  0.6094 
   00018    0.5600 -293.9387  0.5947 
   00019    0.6300 -302.2379  0.5996 
   00020    0.6600 -304.1848  0.6371 
   00021    0.6200 -295.3591  0.6608 
   00022    0.5900 -305.1438  0.6977 
   00023    0.5500 -315.4810  0.7013 
   00024    0.6800 -308.5737  0.6916 
   00025    0.5000 -310.8622  0.7016 
   00026    0.5000 -312.6780  0.6881 
   00027    0.5200 -302.3476  0.6935 
   00028    0.5800 -313.9123  0.7001 
   00029    0.5500 -318.5160  0.7167 
   00030    0.6100 -318.7723  0.7190 
   00031    0.6000 -313.6768  0.7146 
   00032    0.4700 -312.2677  0.7134 
   00033    0.5600 -315.5020  0.7219 
   00034    0.5200 -326.3621  0.7321 
   00035    0.5800 -327.3196  0.7706 
   00036    0.5600 -325.7612  0.7913 
   00037    0.5400 -320.6079  0.7893 
   00038    0.5300 -333.0022  0.8111 
   00039    0.5900 -344.9805  0.8344 
   00040    0.5200 -340.4886  0.8147 
   00041    0.6800 -321.7937  0.7631 
   00042    0.4200 -328.5096  0.7708 
   00043    0.5900 -333.8500  0.8098 
   00044    0.5500 -339.1882  0.8188 
   00045    0.5700 -339.0659  0.8444 
   00046    0.5800 -323.5265  0.8197 
   00047    0.4900 -337.9131  0.8403 
   00048    0.4800 -333.5276  0.8194 
   00049    0.5100 -330.3872  0.8263 
   00050    0.4700 -326.9895  0.8173 
