#=====================================================
# File created:        Tue-15-Oct-2024-at-12-35-34PM
# Size of lattice:     100x100
# Number of MC steps:  50
# Reduced temperature: 0.500
# Number of threads:   4
# Run time (s):        0.039426
#=====================================================
# MC step:  Ratio:     Energy:   Order:
#=====================================================
   00000    0.5000 -10116.6932  0.2570 
   00001    0.7365 -13644.2040  0.2535 
   00002    0.7086 -16152.6558  0.2512 
   00003    0.6806 -18322.1357  0.2550 
   00004    0.6626 -19936.6604  0.2546 
   00005    0.6463 -21391.1865  0.2530 
   00006    0.6343 -22598.1459  0.2545 
   00007    0.6401 -23769.0166  0.2568 
   00008    0.6186 -24594.2368  0.2599 
   00009    0.6006 -25306.7734  0.2603 
   00010    0.6069 -26066.1182  0.2578 
   00011    0.5977 -26616.5698  0.2616 
   00012    0.5912 -27010.0355  0.2674 
   00013    0.5812 -27479.8707  0.2678 
   00014    0.5818 -27929.9720  0.2691 
   00015    0.5809 -28344.2176  0.2696 
   00016    0.5833 -28559.2289  0.2700 
   00017    0.5699 -28814.4520  0.2715 
   00018    0.5762 -29024.6027  0.2727 
   00019    0.5631 -29237.7145  0.2745 
   00020    0.5768 -29411.3242  0.2741 
   00021    0.5767 -29702.3788  0.2749 
   00022    0.5592 -29870.5573  0.2759 
   00023    0.5648 -30087.6583  0.2753 
   00024    0.5602 -30330.2158  0.2794 
   00025    0.5684 -30481.0597  0.2792 
   00026    0.5583 -30532.8045  0.2774 
   00027    0.5527 -30684.7348  0.2766 
   00028    0.5662 -30805.0049  0.2807 
   00029    0.5646 -30843.3690  0.2838 
   00030    0.5546 -30918.3968  0.2863 
   00031    0.5493 -31060.2844  0.2857 
   00032    0.5616 -31241.5297  0.2876 
   00033    0.5460 -31375.5257  0.2875 
   00034    0.5420 -31354.1894  0.2906 
   00035    0.5533 -31449.3218  0.2880 
   00036    0.5470 -31608.7706  0.2904 
   00037    0.5525 -31602.4679  0.2917 
   00038    0.5469 -31661.4174  0.2910 
   00039    0.5537 -31782.3599  0.2927 
   00040    0.5454 -31940.2403  0.2908 
   00041    0.5531 -31926.4797  0.2902 
   00042    0.5402 -31949.6956  0.2914 
   00043    0.5473 -32037.5268  0.2901 
   00044    0.5473 -32147.7794  0.2913 
   00045    0.5492 -32172.8683  0.2921 
   00046    0.5376 -32232.4807  0.2931 
   00047    0.5398 -32235.8259  0.2935 
   00048    0.5364 -32348.4196  0.2929 
   00049    0.5381 -32323.0325  0.2960 
   00050    0.5418 -32410.2672  0.2951 
