#=====================================================
# File created:        Thu-24-Oct-2024-at-01-57-59PM
# Size of lattice:     1000x1000
# Number of MC steps:  50
# Reduced temperature: 0.500
# Run time (s):        2.077471
# Number of threads:   12
#=====================================================
# MC step:  Ratio:     Energy:   Order:
#=====================================================
   00000    0.5000 -1000277.0578  0.0430 
   00001    0.6799 -1487506.9077  0.0245 
   00002    0.6227 -1803512.7734  0.0428 
   00003    0.5859 -2028065.2729  0.0222 
   00004    0.5586 -2201369.8288  0.0382 
   00005    0.5363 -2338554.2487  0.0402 
   00006    0.5210 -2451124.4564  0.0297 
   00007    0.5080 -2544519.0292  0.0305 
   00008    0.4977 -2622174.3663  0.0456 
   00009    0.4900 -2687974.2325  0.0437 
   00010    0.4819 -2743924.0398  0.0289 
   00011    0.4765 -2791643.8359  0.0449 
   00012    0.4709 -2835765.0971  0.0457 
   00013    0.4672 -2874353.6004  0.0225 
   00014    0.4631 -2907420.2580  0.0435 
   00015    0.4592 -2937423.9531  0.0435 
   00016    0.4569 -2964288.6565  0.0447 
   00017    0.4544 -2986405.0579  0.0248 
   00018    0.4512 -3008438.7959  0.0268 
   00019    0.4480 -3027666.8104  0.0247 
   00020    0.4476 -3045550.8673  0.0442 
   00021    0.4443 -3062049.7998  0.0380 
   00022    0.4439 -3076579.1391  0.0408 
   00023    0.4428 -3088749.5963  0.0407 
   00024    0.4413 -3100984.7488  0.0360 
   00025    0.4404 -3112413.0634  0.0488 
   00026    0.4387 -3123104.9421  0.0432 
   00027    0.4382 -3131188.2230  0.0458 
   00028    0.4379 -3139737.8919  0.0216 
   00029    0.4366 -3148410.4280  0.0452 
   00030    0.4352 -3157021.6551  0.0225 
   00031    0.4344 -3163806.1981  0.0296 
   00032    0.4343 -3170615.7199  0.0221 
   00033    0.4342 -3175835.6458  0.0433 
   00034    0.4323 -3182081.8903  0.0287 
   00035    0.4325 -3188593.1036  0.0445 
   00036    0.4317 -3193277.6058  0.0446 
   00037    0.4309 -3199614.1961  0.0537 
   00038    0.4305 -3203274.2268  0.0626 
   00039    0.4307 -3208151.7201  0.0420 
   00040    0.4299 -3212023.8464  0.0484 
   00041    0.4299 -3217932.8323  0.0613 
   00042    0.4285 -3221416.1576  0.0469 
   00043    0.4295 -3224459.5572  0.0463 
   00044    0.4276 -3228662.6561  0.0445 
   00045    0.4273 -3232643.1467  0.0450 
   00046    0.4286 -3235516.3755  0.0224 
   00047    0.4265 -3239812.0718  0.0433 
   00048    0.4267 -3241799.2890  0.0244 
   00049    0.4267 -3245197.9502  0.0221 
   00050    0.4270 -3247046.2853  0.0445 
