#=====================================================
# File created:        Thu-24-Oct-2024-at-01-57-19PM
# Size of lattice:     1000x1000
# Number of MC steps:  50
# Reduced temperature: 0.500
# Run time (s):        6.791636
# Number of threads:   1
#=====================================================
# MC step:  Ratio:     Energy:   Order:
#=====================================================
   00000    0.5000 -999803.6790  0.2502 
   00001    0.6802 -1485359.9926  0.2508 
   00002    0.6230 -1801227.3541  0.2512 
   00003    0.5841 -2027704.9131  0.2508 
   00004    0.5570 -2200480.1307  0.2509 
   00005    0.5371 -2337106.1778  0.2510 
   00006    0.5216 -2448780.8095  0.2506 
   00007    0.5086 -2540758.7769  0.2506 
   00008    0.4989 -2618834.5456  0.2506 
   00009    0.4899 -2684568.4132  0.2506 
   00010    0.4833 -2740932.9448  0.2509 
   00011    0.4778 -2789169.4595  0.2507 
   00012    0.4725 -2831771.6620  0.2505 
   00013    0.4681 -2868671.8818  0.2507 
   00014    0.4634 -2902526.6353  0.2504 
   00015    0.4600 -2932441.2142  0.2505 
   00016    0.4566 -2958543.4501  0.2507 
   00017    0.4546 -2981432.7181  0.2503 
   00018    0.4516 -3003211.7453  0.2503 
   00019    0.4505 -3021963.3042  0.2506 
   00020    0.4476 -3039594.3866  0.2506 
   00021    0.4463 -3054756.4949  0.2506 
   00022    0.4451 -3068817.5368  0.2508 
   00023    0.4426 -3081894.9920  0.2509 
   00024    0.4428 -3093745.3255  0.2514 
   00025    0.4411 -3105196.0838  0.2513 
   00026    0.4402 -3115480.3909  0.2511 
   00027    0.4384 -3125798.2252  0.2512 
   00028    0.4377 -3134975.6525  0.2513 
   00029    0.4365 -3142991.0666  0.2513 
   00030    0.4350 -3150784.4370  0.2514 
   00031    0.4348 -3157753.4116  0.2514 
   00032    0.4346 -3165118.1608  0.2516 
   00033    0.4346 -3171445.4299  0.2514 
   00034    0.4329 -3177711.3461  0.2519 
   00035    0.4325 -3182552.8448  0.2516 
   00036    0.4321 -3189176.1265  0.2515 
   00037    0.4319 -3194573.7453  0.2517 
   00038    0.4307 -3200567.3825  0.2519 
   00039    0.4301 -3204981.0031  0.2523 
   00040    0.4298 -3210268.5208  0.2523 
   00041    0.4296 -3213908.4535  0.2524 
   00042    0.4284 -3218337.5679  0.2525 
   00043    0.4277 -3222804.1328  0.2522 
   00044    0.4278 -3226463.4183  0.2522 
   00045    0.4272 -3230165.3000  0.2522 
   00046    0.4276 -3234100.3812  0.2520 
   00047    0.4270 -3237498.8807  0.2517 
   00048    0.4260 -3240948.6773  0.2518 
   00049    0.4263 -3243866.3067  0.2517 
   00050    0.4263 -3246376.0604  0.2517 
