#=====================================================
# File created:        Thu-24-Oct-2024-at-02-10-32PM
# Size of lattice:     1000x1000
# Number of MC steps:  50
# Reduced temperature: 0.500
# Number of threads:   6
# Run time (s):        2.202728
#=====================================================
# MC step:  Ratio:     Energy:   Order:
#=====================================================
   00000    0.5000 -1000494.6848  0.0448 
   00001    0.6790 -1486559.8923  0.0455 
   00002    0.6233 -1802507.6251  0.0437 
   00003    0.5843 -2028953.0960  0.0438 
   00004    0.5580 -2201386.9959  0.0452 
   00005    0.5363 -2338070.5271  0.0522 
   00006    0.5211 -2450127.3954  0.0438 
   00007    0.5083 -2542650.6081  0.0448 
   00008    0.4972 -2621900.5831  0.0647 
   00009    0.4895 -2688475.8529  0.0437 
   00010    0.4818 -2745173.2515  0.0441 
   00011    0.4777 -2794536.3286  0.0459 
   00012    0.4715 -2836801.2343  0.0446 
   00013    0.4659 -2874406.8087  0.0420 
   00014    0.4629 -2906949.7814  0.0447 
   00015    0.4597 -2936368.0422  0.0430 
   00016    0.4564 -2961839.9478  0.0435 
   00017    0.4540 -2984664.5913  0.0450 
   00018    0.4522 -3005190.7667  0.0437 
   00019    0.4496 -3024265.8852  0.0455 
   00020    0.4475 -3041341.2206  0.0439 
   00021    0.4459 -3056663.1726  0.0451 
   00022    0.4445 -3071403.7503  0.0424 
   00023    0.4429 -3085039.9673  0.0454 
   00024    0.4406 -3098561.0020  0.0441 
   00025    0.4403 -3109800.3435  0.0483 
   00026    0.4392 -3120342.4857  0.0439 
   00027    0.4383 -3128791.2064  0.0427 
   00028    0.4381 -3137183.4319  0.0438 
   00029    0.4359 -3146026.0723  0.0444 
   00030    0.4354 -3153975.7598  0.0780 
   00031    0.4340 -3161411.3898  0.0451 
   00032    0.4349 -3167078.7776  0.0438 
   00033    0.4347 -3172580.8892  0.0464 
   00034    0.4336 -3178514.4089  0.0443 
   00035    0.4320 -3185723.2678  0.0444 
   00036    0.4314 -3191705.0945  0.0440 
   00037    0.4314 -3197590.1831  0.0458 
   00038    0.4305 -3202543.4109  0.0437 
   00039    0.4305 -3207875.9817  0.0438 
   00040    0.4300 -3212066.0838  0.0445 
   00041    0.4297 -3217591.3751  0.0764 
   00042    0.4293 -3221005.4581  0.0487 
   00043    0.4281 -3224667.3503  0.0429 
   00044    0.4285 -3227803.6477  0.0447 
   00045    0.4275 -3231430.1140  0.0452 
   00046    0.4269 -3234533.6694  0.0434 
   00047    0.4277 -3237802.8965  0.0430 
   00048    0.4259 -3242560.8815  0.0455 
   00049    0.4264 -3245364.7738  0.0471 
   00050    0.4263 -3248264.9392  0.0449 
