#=====================================================
# File created:        Thu-24-Oct-2024-at-01-57-39PM
# Size of lattice:     1000x1000
# Number of MC steps:  50
# Reduced temperature: 0.500
# Run time (s):        2.246022
# Number of threads:   6
#=====================================================
# MC step:  Ratio:     Energy:   Order:
#=====================================================
   00000    0.5000 -999869.2032  0.0429 
   00001    0.6796 -1485453.4308  0.0437 
   00002    0.6232 -1800617.2804  0.0446 
   00003    0.5843 -2028067.0306  0.0668 
   00004    0.5572 -2201670.5010  0.0426 
   00005    0.5361 -2336940.5871  0.0440 
   00006    0.5221 -2449292.4559  0.0435 
   00007    0.5090 -2543055.3746  0.0431 
   00008    0.4973 -2621216.8622  0.0428 
   00009    0.4896 -2688034.0291  0.0450 
   00010    0.4816 -2745959.8961  0.0444 
   00011    0.4759 -2794785.5599  0.0444 
   00012    0.4711 -2838104.1087  0.0434 
   00013    0.4671 -2875543.8476  0.0449 
   00014    0.4628 -2908066.7530  0.0432 
   00015    0.4607 -2936306.5909  0.0448 
   00016    0.4569 -2962754.5450  0.0458 
   00017    0.4533 -2985640.8720  0.0787 
   00018    0.4516 -3005407.9807  0.0432 
   00019    0.4497 -3025824.0923  0.0450 
   00020    0.4473 -3042082.5810  0.0537 
   00021    0.4462 -3057899.9721  0.0456 
   00022    0.4433 -3072424.2337  0.0464 
   00023    0.4428 -3084293.6103  0.0438 
   00024    0.4410 -3096425.1077  0.0449 
   00025    0.4408 -3108370.6686  0.0440 
   00026    0.4389 -3119748.2401  0.0437 
   00027    0.4376 -3128774.1907  0.0429 
   00028    0.4368 -3138127.0435  0.0421 
   00029    0.4365 -3146233.0844  0.0453 
   00030    0.4367 -3153994.5951  0.0425 
   00031    0.4351 -3160352.4751  0.0437 
   00032    0.4345 -3167281.4619  0.0437 
   00033    0.4346 -3173168.3578  0.0444 
   00034    0.4330 -3179830.3098  0.0446 
   00035    0.4323 -3185981.3989  0.0474 
   00036    0.4313 -3191923.6585  0.0435 
   00037    0.4310 -3197095.4911  0.0447 
   00038    0.4298 -3202781.8387  0.0453 
   00039    0.4309 -3208101.9173  0.0473 
   00040    0.4304 -3211190.2796  0.0453 
   00041    0.4302 -3214917.9990  0.0445 
   00042    0.4289 -3219454.1784  0.0443 
   00043    0.4287 -3222675.1815  0.0483 
   00044    0.4281 -3227789.9119  0.0445 
   00045    0.4266 -3231981.6315  0.0459 
   00046    0.4267 -3235074.4260  0.0459 
   00047    0.4265 -3239328.2919  0.0454 
   00048    0.4266 -3242595.4894  0.0436 
   00049    0.4270 -3244690.4125  0.0432 
   00050    0.4264 -3247724.9749  0.0465 
