#=====================================================
# File created:        Thu-24-Oct-2024-at-02-10-40PM
# Size of lattice:     1000x1000
# Number of MC steps:  50
# Reduced temperature: 0.500
# Number of threads:   12
# Run time (s):        2.073713
#=====================================================
# MC step:  Ratio:     Energy:   Order:
#=====================================================
   00000    0.5000 -999470.6404  0.0280 
   00001    0.6800 -1486044.5995  0.0459 
   00002    0.6233 -1802530.7559  0.0289 
   00003    0.5851 -2028833.5362  0.0419 
   00004    0.5580 -2200993.6687  0.0475 
   00005    0.5360 -2340280.4286  0.0211 
   00006    0.5210 -2452486.9202  0.0398 
   00007    0.5081 -2545329.3637  0.0403 
   00008    0.4978 -2623196.5252  0.0319 
   00009    0.4899 -2689366.8016  0.0421 
   00010    0.4821 -2747036.0125  0.0262 
   00011    0.4763 -2795121.8788  0.0298 
   00012    0.4719 -2837746.9647  0.0358 
   00013    0.4669 -2874940.6821  0.0453 
   00014    0.4618 -2907785.3444  0.0298 
   00015    0.4605 -2937813.0874  0.0238 
   00016    0.4558 -2964555.5501  0.0442 
   00017    0.4540 -2987279.7717  0.0439 
   00018    0.4513 -3008530.5303  0.0405 
   00019    0.4490 -3026275.6764  0.0466 
   00020    0.4468 -3044333.7439  0.0427 
   00021    0.4462 -3060169.4139  0.0416 
   00022    0.4444 -3073822.2777  0.0248 
   00023    0.4434 -3086285.4474  0.0456 
   00024    0.4415 -3098332.5194  0.0432 
   00025    0.4406 -3109009.5631  0.0360 
   00026    0.4393 -3119092.2350  0.0487 
   00027    0.4396 -3128648.4465  0.0384 
   00028    0.4379 -3137966.3437  0.0495 
   00029    0.4360 -3146744.9944  0.0249 
   00030    0.4367 -3153666.0200  0.0304 
   00031    0.4342 -3161225.5051  0.0462 
   00032    0.4343 -3168238.3195  0.0286 
   00033    0.4342 -3174557.0473  0.0293 
   00034    0.4312 -3181755.3722  0.0407 
   00035    0.4322 -3186378.6052  0.0457 
   00036    0.4312 -3191521.8033  0.0484 
   00037    0.4307 -3197688.8558  0.0397 
   00038    0.4302 -3203197.9028  0.0230 
   00039    0.4301 -3207139.7836  0.0645 
   00040    0.4301 -3210096.6848  0.0494 
   00041    0.4287 -3215026.8859  0.0433 
   00042    0.4289 -3217583.9013  0.0415 
   00043    0.4283 -3221793.0678  0.0439 
   00044    0.4280 -3226372.2009  0.0447 
   00045    0.4276 -3228867.5113  0.0356 
   00046    0.4275 -3231991.6397  0.0460 
   00047    0.4271 -3235722.9857  0.0222 
   00048    0.4272 -3238658.6902  0.0382 
   00049    0.4267 -3240277.7705  0.0639 
   00050    0.4270 -3243750.0320  0.0480 
