#=====================================================
# File created:        Thu-24-Oct-2024-at-02-10-25PM
# Size of lattice:     1000x1000
# Number of MC steps:  50
# Reduced temperature: 0.500
# Number of threads:   1
# Run time (s):        6.958716
#=====================================================
# MC step:  Ratio:     Energy:   Order:
#=====================================================
   00000    0.5000 -1000444.4639  0.2501 
   00001    0.6802 -1485444.5404  0.2510 
   00002    0.6228 -1801874.8066  0.2511 
   00003    0.5846 -2029183.3753  0.2517 
   00004    0.5573 -2202988.1939  0.2519 
   00005    0.5366 -2339206.6706  0.2519 
   00006    0.5212 -2451674.5200  0.2517 
   00007    0.5089 -2543128.5608  0.2514 
   00008    0.4988 -2622209.9390  0.2519 
   00009    0.4895 -2688171.0656  0.2524 
   00010    0.4821 -2745861.3546  0.2519 
   00011    0.4771 -2794144.5752  0.2520 
   00012    0.4713 -2836353.7219  0.2524 
   00013    0.4676 -2874646.3070  0.2526 
   00014    0.4632 -2908058.6430  0.2528 
   00015    0.4593 -2937007.2424  0.2532 
   00016    0.4570 -2963041.2588  0.2530 
   00017    0.4537 -2986827.5947  0.2531 
   00018    0.4509 -3007607.7543  0.2530 
   00019    0.4494 -3025902.8695  0.2531 
   00020    0.4482 -3043181.3034  0.2534 
   00021    0.4465 -3059049.4115  0.2538 
   00022    0.4456 -3073614.7889  0.2546 
   00023    0.4437 -3086477.2786  0.2547 
   00024    0.4417 -3099085.4058  0.2548 
   00025    0.4414 -3109949.9405  0.2546 
   00026    0.4396 -3120157.8437  0.2549 
   00027    0.4373 -3130039.9564  0.2551 
   00028    0.4369 -3138267.1603  0.2551 
   00029    0.4371 -3147175.9429  0.2552 
   00030    0.4349 -3154891.6057  0.2552 
   00031    0.4343 -3162229.5802  0.2553 
   00032    0.4338 -3170018.4690  0.2554 
   00033    0.4334 -3176473.8874  0.2553 
   00034    0.4325 -3182441.1977  0.2553 
   00035    0.4327 -3188077.6052  0.2555 
   00036    0.4318 -3193704.0570  0.2557 
   00037    0.4306 -3198402.1622  0.2560 
   00038    0.4307 -3203669.7147  0.2559 
   00039    0.4292 -3208791.3875  0.2559 
   00040    0.4295 -3212749.9333  0.2558 
   00041    0.4299 -3216363.0921  0.2561 
   00042    0.4284 -3221019.0583  0.2562 
   00043    0.4281 -3225123.6249  0.2566 
   00044    0.4278 -3229105.7826  0.2565 
   00045    0.4277 -3231389.3275  0.2566 
   00046    0.4265 -3235008.3766  0.2565 
   00047    0.4267 -3239181.8487  0.2565 
   00048    0.4277 -3241616.2954  0.2564 
   00049    0.4275 -3244662.1375  0.2568 
   00050    0.4263 -3247258.4813  0.2566 
